2.270139567813868147e-04 -5.568396075444917789e-05 -3.180854948408342171e-05 -1.342584348386681597e-05 -3.440372470232649205e-05 -1.017167852280950052e-03 -7.123281646322454186e-05 -1.924705638123845619e-04 -2.535990700733907434e-04 -2.831271240104672477e-04 -3.063903657976261837e-05 -3.649709316716662178e-05 -4.547260797532354248e-05 -5.832479314106270730e-05 9.740593025349963149e-05 -1.535612345270012018e-03 -2.311725517786047425e-04 -1.911789946783660587e-04 -1.419534886148827947e-04 -9.645025722831227215e-05 -5.547904614135079258e-05
-5.568396075444917789e-05 2.186915951781542627e-04 -3.712035455334285877e-05 -6.459634264928057479e-04 4.596368209556174125e-05 4.153458459657698902e-04 -4.770779304221871167e-04 -3.932513988482461034e-04 -3.466870603584762292e-04 -3.201422231907144304e-04 2.179009711621084184e-05 3.134254179636967628e-05 4.970582777838175516e-05 8.604380861358302299e-05 -1.013633934488539126e-04 1.104315666604655617e-03 3.597443476547473873e-05 -2.936254616204158512e-06 -3.868272805986239140e-05 -7.078958737905631233e-05 -1.015635171223654669e-04
-3.180854948408342171e-05 -3.712035455334285877e-05 3.707871387444179855e-05 2.138261153072520504e-04 -2.971035742142117336e-05 1.856974885423926240e-04 4.884062886725706285e-05 6.547364069782353197e-05 7.279282636097844194e-05 7.559500105153922384e-05 3.908874857297702142e-06 4.023034419908668870e-06 3.906815173157058013e-06 2.722075357036186967e-06 -1.567533545734211561e-05 2.104423166468547077e-04 2.047403387633102179e-05 7.524877467817323528e-06 -5.535551329646826483e-06 -1.700867035583584070e-05 -2.682911086590832874e-05
-1.342584348386681597e-05 -6.459634264928057479e-04 2.138261153072520504e-04 2.461400880413460758e-03 -3.348267285114095459e-04 1.104180500050541463e-05 1.363233528086782789e-03 1.250471663721821605e-03 1.174828392627706112e-03 1.123444226467954551e-03 -3.251800377204055754e-05 -5.570027945932957741e-05 -1.011253411197971414e-04 -1.955855881561495619e-04 1.408499546003454594e-04 -1.559641586308555591e-03 -2.724983212988980763e-05 -2.606257435297468447e-05 -2.684862873419211485e-05 -2.471090845066468197e-05 -1.474312929718798647e-05
-3.440372470232649205e-05 4.596368209556174125e-05 -2.971035742142117336e-05 -3.348267285114095459e-04 1.807187814101192684e-04 -2.147102850947767616e-04 -6.067637237041896385e-06 -1.453799699791394134e-05 -1.234706041560137729e-05 -7.931804424897870992e-06 1.006230289619994945e-07 2.182028577917660498e-06 5.057273544161350895e-06 1.101843022087108971e-05 3.949641332587374001e-05 -1.163877777802039258e-04 1.191615336648612099e-04 1.790398975560831185e-04 2.249415972032654506e-04 2.625706721842496695e-04 2.942563380111232782e-04
-1.017167852280950052e-03 4.153458459657698902e-04 1.856974885423926240e-04 1.104180500050541463e-05 -2.147102850947767616e-04 6.582931497854405470e-03 -3.165285969412696379e-04 4.299417909890940843e-04 7.962806688273694773e-04 9.699543782183356420e-04 1.837501452433894125e-04 2.226791132326480169e-04 2.867453213298610821e-04 3.854702946171844973e-04 -7.394110132140487100e-04 9.915569297563639473e-03 5.875631632334390661e-04 1.091880010786103715e-04 -3.565267765656156534e-04 -7.678457661203245879e-04 -1.134635819181121531e-03
-7.123281646322454186e-05 -4.770779304221871167e-04 4.884062886725706285e-05 1.363233528086782789e-03 -6.067637237041896385e-06 -3.165285969412696379e-04 5.166205522630311527e-03 1.254315789686430167e-03 1.172908685286380226e-03 1.083764151298030175e-03 -9.977887862546112180e-04 -2.457786561054505045e-04 -1.265699612564957213e-04 -1.309746159116859478e-04 -1.166312124632508385e-03 3.195404002991050069e-02 1.723933001453047836e-04 2.677707754569440116e-04 3.437007456728407000e-04 4.094361589053641831e-04 4.711124491882402450e-04
-1.924705638123845619e-04 -3.932513988482461034e-04 6.547364069782353197e-05 1.250471663721821605e-03 -1.453799699791394134e-05 4.299417909890940843e-04 1.254315789686430167e-03 1.818023707097330983e-03 1.283305599129120657e-03 1.246589314260549862e-03 4.995005343871090247e-05 -1.456400965563644883e-04 -8.082274611674016148e-05 -1.609022613299510994e-04 -7.007923224002559552e-05 -8.569646851323286380e-03 2.556810696660089715e-04 2.982537599768604738e-04 3.208010019201459613e-04 3.393671806464557258e-04 3.604642313303769020e-04
-2.535990700733907434e-04 -3.466870603584762292e-04 7.279282636097844194e-05 1.174828392627706112e-03 -1.234706041560137729e-05 7.962806688273694773e-04 1.172908685286380226e-03 1.283305599129120657e-03 1.394242119460531925e-03 1.252137938213856386e-03 5.587978664628863402e-05 -5.271732696206059277e-07 -9.670546299404618148e-05 -1.231819523790246410e-04 -1.839565532684023366e-05 -6.165473813390099506e-03 2.994063142314239753e-04 3.184556646385400995e-04 3.150095788234638693e-04 3.111984152603173952e-04 3.122227433460378473e-04
-2.831271240104672477e-04 -3.201422231907144304e-04 7.559500105153922384e-05 1.123444226467954551e-03 -7.931804424897870992e-06 9.699543782183356420e-04 1.083764151298030175e-03 1.246589314260549862e-03 1.252137938213856386e-03 1.317022254689100480e-03 8.171974112597883255e-05 2.009901610214013772e-05 -3.262160978311350067e-05 -1.443961023697602698e-04 1.019401679479862641e-04 -6.283398919944825980e-03 3.212930330362988502e-04 3.295932667571928191e-04 3.150144577076190015e-04 3.000136646874467547e-04 2.912408897351705865e-04
-3.063903657976261837e-05 2.179009711621084184e-05 3.908874857297702142e-06 -3.251800377204055754e-05 1.006230289619994945e-07 1.837501452433894125e-04 -9.977887862546112180e-04 4.995005343871090247e-05 5.587978664628863402e-05 8.171974112597883255e-05 4.282709286639397651e-04 1.286558770122419161e-04 1.544453031087765927e-05 -3.711261745276593844e-05 6.998413575809850958e-04 -2.544791171922412484e-02 2.175929701421080591e-05 1.013105673220519165e-05 -3.167580967269479356e-06 -1.479433292833247819e-05 -2.412798726290764728e-05
-3.649709316716662178e-05 3.134254179636967628e-05 4.023034419908668870e-06 -5.570027945932957741e-05 2.182028577917660498e-06 2.226791132326480169e-04 -2.457786561054505045e-04 -1.456400965563644883e-04 -5.271732696206059277e-07 2.009901610214013772e-05 1.286558770122419161e-04 1.046290035141225500e-04 2.299334395177743439e-05 8.067827583995670999e-06 3.320790628486066254e-04 -7.868117345318746680e-03 2.530605000652753547e-05 1.075768739319206540e-05 -5.022776400957322936e-06 -1.902568141510330651e-05 -3.132386080502557878e-05
-4.547260797532354248e-05 4.970582777838175516e-05 3.906815173157058013e-06 -1.011253411197971414e-04 5.057273544161350895e-06 2.867453213298610821e-04 -1.265699612564957213e-04 -8.082274611674016148e-05 -9.670546299404618148e-05 -3.262160978311350067e-05 1.544453031087765927e-05 2.299334395177743439e-05 5.903208963497529792e-05 3.970126154955267784e-05 1.196470160947676778e-04 1.802277992109175761e-03 3.031984579058958924e-05 1.001821178925332845e-05 -9.895962486523342131e-06 -2.848736408148272220e-05 -4.549022990951264491e-05
-5.832479314106270730e-05 8.604380861358302299e-05 2.722075357036186967e-06 -1.955855881561495619e-04 1.101843022087108971e-05 3.854702946171844973e-04 -1.309746159116859478e-04 -1.609022613299510994e-04 -1.231819523790246410e-04 -1.443961023697602698e-04 -3.711261745276593844e-05 8.067827583995670999e-06 3.970126154955267784e-05 1.126960777900029342e-04 -2.785138883496702681e-05 6.398987150160219406e-03 3.686142946514676586e-05 7.242031484323153804e-06 -2.076487146071599466e-05 -4.603350878279544663e-05 -7.027457990842603307e-05
9.740593025349963149e-05 -1.013633934488539126e-04 -1.567533545734211561e-05 1.408499546003454594e-04 3.949641332587374001e-05 -7.394110132140487100e-04 -1.166312124632508385e-03 -7.007923224002559552e-05 -1.839565532684023366e-05 1.019401679479862641e-04 6.998413575809850958e-04 3.320790628486066254e-04 1.196470160947676778e-04 -2.785138883496702681e-05 3.708851919350873629e-03 -3.345711354276117294e-02 -3.977474275086591413e-05 3.066375782304650403e-05 9.197536691493423961e-05 1.427703114646446472e-04 1.908913622844686183e-04
-1.535612345270012018e-03 1.104315666604655617e-03 2.104423166468547077e-04 -1.559641586308555591e-03 -1.163877777802039258e-04 9.915569297563639473e-03 3.195404002991050069e-02 -8.569646851323286380e-03 -6.165473813390099506e-03 -6.283398919944825980e-03 -2.544791171922412484e-02 -7.868117345318746680e-03 1.802277992109175761e-03 6.398987150160219406e-03 -3.345711354276117294e-02 2.298252350454425219e+00 9.519252729864475246e-04 1.666337446257126678e-04 -4.616973135200157837e-04 -1.076113927000099581e-03 -1.722305785087450058e-03
-2.311725517786047425e-04 3.597443476547473873e-05 2.047403387633102179e-05 -2.724983212988980763e-05 1.191615336648612099e-04 5.875631632334390661e-04 1.723933001453047836e-04 2.556810696660089715e-04 2.994063142314239753e-04 3.212930330362988502e-04 2.175929701421080591e-05 2.530605000652753547e-05 3.031984579058958924e-05 3.686142946514676586e-05 -3.977474275086591413e-05 9.519252729864475246e-04 3.395082592439148850e-04 3.612475097887337208e-04 3.646694824485999242e-04 3.636077552302707946e-04 3.616923454761123910e-04
-1.911789946783660587e-04 -2.936254616204158512e-06 7.524877467817323528e-06 -2.606257435297468447e-05 1.790398975560831185e-04 1.091880010786103715e-04 2.677707754569440116e-04 2.982537599768604738e-04 3.184556646385400995e-04 3.295932667571928191e-04 1.013105673220519165e-05 1.075768739319206540e-05 1.001821178925332845e-05 7.242031484323153804e-06 3.066375782304650403e-05 1.666337446257126678e-04 3.612475097887337208e-04 4.431380731553980650e-04 4.891925089565898194e-04 5.281317152636566146e-04 5.616759366484668815e-04
-1.419534886148827947e-04 -3.868272805986239140e-05 -5.535551329646826483e-06 -2.684862873419211485e-05 2.249415972032654506e-04 -3.565267765656156534e-04 3.437007456728407000e-04 3.208010019201459613e-04 3.150095788234638693e-04 3.150144577076190015e-04 -3.167580967269479356e-06 -5.022776400957322936e-06 -9.895962486523342131e-06 -2.076487146071599466e-05 9.197536691493423961e-05 -4.616973135200157837e-04 3.646694824485999242e-04 4.891925089565898194e-04 5.860871992685313643e-04 6.558735238425952374e-04 7.213545159984834218e-04
-9.645025722831227215e-05 -7.078958737905631233e-05 -1.700867035583584070e-05 -2.471090845066468197e-05 2.625706721842496695e-04 -7.678457661203245879e-04 4.094361589053641831e-04 3.393671806464557258e-04 3.111984152603173952e-04 3.000136646874467547e-04 -1.479433292833247819e-05 -1.902568141510330651e-05 -2.848736408148272220e-05 -4.603350878279544663e-05 1.427703114646446472e-04 -1.076113927000099581e-03 3.636077552302707946e-04 5.281317152636566146e-04 6.558735238425952374e-04 7.690064213011293210e-04 8.555541803316100112e-04
-5.547904614135079258e-05 -1.015635171223654669e-04 -2.682911086590832874e-05 -1.474312929718798647e-05 2.942563380111232782e-04 -1.134635819181121531e-03 4.711124491882402450e-04 3.604642313303769020e-04 3.122227433460378473e-04 2.912408897351705865e-04 -2.412798726290764728e-05 -3.132386080502557878e-05 -4.549022990951264491e-05 -7.027457990842603307e-05 1.908913622844686183e-04 -1.722305785087450058e-03 3.616923454761123910e-04 5.616759366484668815e-04 7.213545159984834218e-04 8.555541803316100112e-04 9.819029041465033181e-04
